                        Quantachrome® ASiQwin™- Automated Gas Sorption Data
                                     Acquisition and Reduction
                               © 1994-2012, Quantachrome Instruments
                                            version 3.0

Analysis                                          Report
Operator:      QC             Date:2016/10/07     Operator: ir                  Date:2020/05/06
Sample ID:     ih_DUT-60_183b      Filename:      ih_DUT-60_183b.qps
Sample Desc:                       Comment:       ih_DUT-60_183b
Sample Weight: 0.0081 g            Instrument:    Autosorb iQ Station 1
Approx. Outgas Time:12.0 hrs       Final Outgas Temp.:30 °C           Extended info: Available
Analysis gas:  Nitrogen            Non-ideality:  6.58e-05 1/Torr     CellType:      9mm w/o rod
Analysis Time: 19:41 hr:min        Bath temp.:    77.35 K
Analysis Mode: Standard                                               VoidVol Remeasure:off
VoidVol. Mode: He Measure          Cold Zone V:   8.08555 cc          Warm Zone V:   14.5904 cc

      Press            P0         Volume @ STP        Time             Tol             Equ

      Torr            Torr             cc              min

       0.00909472    767.12            0.0521998      24.4             2               3
       0.00966483    767.14            0.0558248      29.7             2               3
       0.0102547     767.24            0.0594411      34.8             2               3
       0.0158041     767.24            0.085551       46.6             2               3
       0.0165347     767.24            0.0889997      51.9             2               3
       0.0230801     767.24            0.115298       62.6             2               3
       0.0303859     767.24            0.140978       73.6             2               3
       0.0381392     767.24            0.165119       84.4             2               3
       0.0469679     767.24            0.189483       95.6             2               3
       0.0562782     767.24            0.212035      106.5             2               3
       0.0601997     767.24            0.221         115.0             2               3
       0.0706719     767.24            0.242142      125.2             2               3
       0.0816124     767.24            0.261749      136.9             2               3
       0.0941736     767.24            0.28248       148.1             2               3
       0.119137      767.24            0.315602      160.0             2               3
       0.158206      767.03            0.356349      175.3             2               3
       0.178274      767.24            0.373864      186.8             2               3
       0.233424      767.01            0.411773      200.2             2               3
       0.308864      766.88            0.452678      212.9             2               3
       0.392869      765.46            0.488126      225.8             2               3
       0.487226      765.00            0.52105       237.4             2               3
       0.552043      764.81            0.540424      248.2             2               3
       0.628187      764.50            0.561237      258.4             2               3
       0.711888      764.32            0.582142      269.4             2               3
       0.788351      764.35            0.600179      282.2             2               3
       0.923254      764.34            0.629072      291.4             2               3
       1.15396       764.36            0.673934      300.8             2               3
       1.5697        764.12            0.746692      311.1             2               3
       1.76316       763.90            0.778842      319.9             2               3
       2.31193       763.91            0.865935      329.8             2               3
       3.12107       763.85            0.987663      340.4             2               3
       3.84232       763.79            1.0938        350.4             2               3
       4.58744       763.80            1.20272       360.4             2               3
       5.36564       763.67            1.31504       371.1             2               3
       6.12081       763.71            1.42292       381.8             2               3
       6.89475       763.61            1.53356       393.1             2               3
      11.4328        763.53            2.1287        397.9             2               3
      14.4302        763.49            2.49365       402.7             2               3
      19.1699        763.52            2.99681       411.3             2               3
      29.3839        763.37            3.83306       417.1             2               3
      35.3095        763.59            4.22624       422.1             2               3
      38.084         763.35            4.40182       426.4             2               3
      50.4908        763.21            5.08751       432.4             2               3
      55.9348        763.31            5.36651       437.6             2               3
      69.4616        763.23            6.05092       443.9             2               3
      74.8371        763.20            6.32276       448.8             2               3
      88.5471        763.19            7.01008       455.5             2               3
      93.7645        763.07            7.3024        461.1             2               3
     106.466         762.93            8.08212       468.6             2               3
     113.878         762.74            8.6274        477.8             2               3
     127.143         762.76            9.62839       486.8             2               3
     131.987         762.95           10.2497        496.2             2               3
     139.687         762.43           11.8254        508.2             2               3
     144.621         762.41           12.9635        521.2             2               3
     149.233         762.34           13.7238        533.4             2               3
     151.002         762.24           13.9996        540.2             2               3
     164.339         762.15           15.0711        551.7             2               3
     171.438         761.87           15.5678        562.9             2               3
     184.965         761.78           16.5165        573.2             2               3
     189.363         761.74           17.1084        584.2             2               3
     196.53          761.53           18.6518        596.9             2               3
     200.026         761.46           19.9189        611.5             2               3
     203.116         761.31           20.9297        628.2             2               3
     207.636         761.35           21.5714        645.1             2               3
     209.634         761.20           21.7112        649.9             2               3
     226.815         761.26           22.3397        661.0             2               3
     229.527         761.22           22.4098        664.6             2               3
     246.349         761.14           22.633         669.2             2               3
     265.098         761.20           22.8717        674.0             2               3
     284.803         761.06           23.056         678.2             2               3
     303.966         761.10           23.2268        682.3             2               3
     323.193         761.22           23.3815        686.2             2               3
     342.318         761.07           23.5285        690.1             2               3
     361.415         761.09           23.6658        693.8             2               3
     380.507         761.03           23.7968        697.7             2               3
     399.545         760.88           23.9259        701.4             2               3
     418.601         761.06           24.046         705.1             2               3
     437.701         760.82           24.1636        708.8             2               3
     456.544         760.69           24.2804        712.5             2               3
     475.644         760.98           24.3898        716.2             2               3
     493.947         760.73           24.575         722.2             2               3
     513.612         760.72           24.6879        725.9             2               3
     532.772         760.80           24.7943        729.6             2               3
     551.779         760.57           24.8971        733.3             2               3
     570.678         760.63           24.9982        737.0             2               3
     589.762         760.66           25.0994        740.7             2               3
     608.742         760.24           25.2002        744.5             2               3
     627.533         760.68           25.2941        748.2             2               3
     646.812         760.57           25.3914        752.0             2               3
     665.684         760.30           25.4898        755.8             2               3
     684.474         760.57           25.59          759.5             2               3
     703.693         760.60           25.6923        763.2             2               3
     722.446         760.19           25.8125        767.1             2               3
     739.38          760.47           26.0794        774.3             2               3
     755.237         760.51           26.6435        782.6             2               3
     754.155         760.40           26.5956        786.4             2               3
     740.59          760.48           26.1597        793.6             2               3
     723.367         760.43           25.9568        797.9             2               3
     703.67          760.35           25.8153        801.8             2               3
     684.342         760.47           25.6985        805.6             2               3
     665.265         760.16           25.5875        809.4             2               3
     645.903         760.20           25.4806        813.2             2               3
     626.983         760.27           25.3757        816.9             2               3
     607.904         760.09           25.2728        820.7             2               3
     588.472         760.64           25.2028        824.4             2               3
     569.404         760.22           25.1571        828.4             2               3
     550.908         760.37           25.0528        832.2             2               3
     532.038         760.34           24.9449        835.9             2               3
     513.013         760.04           24.8343        839.7             2               3
     493.791         760.36           24.72          843.5             2               3
     475.029         760.35           24.601         847.2             2               3
     456.058         760.25           24.4823        851.0             2               3
     437.001         760.06           24.3627        854.8             2               3
     417.985         759.97           24.236         858.6             2               3
     398.989         760.07           24.1058        862.4             2               3
     380.057         760.15           23.974         866.2             2               3
     361.196         760.32           23.8257        870.2             2               3
     342.306         760.00           23.6797        874.1             2               3
     323.197         759.67           23.5282        878.2             2               3
     303.611         760.36           23.4145        882.0             2               3
     285.498         760.46           23.247         886.1             2               3
     266.665         760.22           23.0647        890.3             2               3
     247.836         760.07           22.8615        894.7             2               3
     229.109         760.19           22.6328        899.4             2               3
     211.665         760.08           22.284         905.2             2               3
     207.936         760.16           22.2059        908.8             2               3
     197.799         759.81           21.4396        919.3             2               3
     194.996         760.05           20.5201        931.4             2               3
     193.045         759.92           19.7619        943.5             2               3
     191.556         760.05           19.117         957.7             2               3
     191.144         759.85           18.8586        964.3             2               3
     185.66          760.13           17.5488        978.7             2               3
     179.931         759.44           16.689         991.0             2               3
     174.265         759.71           16.2637        998.0             2               3
     171.477         759.71           16.0533       1003.9             2               3
     159.683         759.54           15.2807       1013.1             2               3
     154.557         759.63           14.9062       1020.2             2               3
     152.19          759.44           14.7156       1025.5             2               3
     142.761         759.72           13.7917       1035.8             2               3
     139.257         759.66           13.1377       1045.1             2               3
     137.208         759.53           12.6414       1053.4             2               3
     134.731         759.13           11.973        1065.0             2               3
     134.01          759.24           11.7105       1071.2             2               3
     128.046         759.29           10.4457       1083.1             2               3
     121.967         758.98            9.65217      1092.7             2               3
     117.157         759.36            9.22572      1099.6             2               3
     114.395         759.39            9.01896      1104.6             2               3
     103.443         759.20            8.19719      1113.4             2               3
      98.0489        759.41            7.79292      1119.8             2               3
      94.9621        759.62            7.62839      1124.1             2               3
      82.5676        759.37            6.96066      1131.0             2               3
      77.4564        759.42            6.68217      1136.0             2               3
      75.3681        759.29            6.56574      1140.0             2               3
      63.1908        759.32            5.92909      1146.1             2               3
      58.2926        759.23            5.66604      1151.0             2               3
      44.5776        759.00            4.91694      1157.3             2               3
      39.6371        759.24            4.6271       1162.5             2               3
      37.5644        759.25            4.49829      1166.7             2               3
      26.0152        759.10            3.704        1173.5             2               3
      20.1277        759.47            3.18704      1181.8             2               3
